CCD
period       power          reservoir           discharge           spillway    inflows
1       199.715             362.30372           825.477         14.688149       629.56
2       199.715             355.4737            713.05107           0.0         634.0
3       199.715             362.59844           709.8877            0.0         792.35
4       199.715             369.73876           706.71742           0.0         789.36
5       199.715             376.26546           703.81958           0.0         779.36
6       199.715             381.16483           701.64427           0.0         758.35
7       199.715             385.0               699.94146           0.0         744.33
8       175.7884            382.4448            604.51412           0.0         574.94
9       175.95478           379.37292           605.75412           0.0         570.2
10      176.13659           375.84399           607.14412           0.0         566.3
11      181.43433           370.91962           627.75499           0.0         570.76
12      179.89824           367.46704           622.77043           0.0         582.81
13      179.10054           365.67408           620.18189           0.0         599.43
14      179.72762           367.08354           622.21676           0.0         638.53
15      181.3426            370.71344           627.45732           0.0         669.47
16      183.27506           375.05693           633.72811           0.0         684.0
17      195.2294            374.55693           683.72698           0.0         677.94
18      195.08689           372.56193           683.95028           0.0         660.86
19      194.86926           369.51536           684.29129           0.0         649.03
20      196.9359            365.6117            695.63123           0.0         650.45
21      199.715             363.689             709.4035            0.0         687.15
22      199.715             363.88904           709.31468           0.0         711.63
23      199.715             366.40073           708.1995            0.0         737.27
24      199.715             368.42951           707.29872           0.0         730.78
25      199.715             368.53295           707.2528            0.0         708.45
26      199.715             366.82921           708.00926           0.0         688.29
27      199.715             363.67566           709.40943           0.0         672.91
28      199.715             360.71796           710.72264           0.0         676.49
29      199.715             357.7402            712.04475           0.0         677.58
30      199.715             353.8               713.79419           0.0         668.19
CCS
period       power               reservoir      discharge           spillway    inflows
1       291.49371               194.4           877.96515           0.0         37.8
2       252.58631               194.4           750.35107           0.0         37.3
3       251.37795               194.4           746.3877            0.0         36.5
4       250.1065                194.4           742.21742           0.0         35.5
5       248.79616               194.4           737.91958           0.0         34.1
6       247.64513               194.4           734.14427           0.0         32.5
7       246.63816               194.4           730.84146           0.0         30.9
8       217.15675               194.4           634.14412           0.0         29.63
9       217.15675               194.4           634.14412           0.0         28.39
10      217.15675               194.4           634.14412           0.0         27.0
11      223.0687                194.4           653.53499           0.0         25.78
12      221.35692               194.4           647.92043           0.0         25.15
13      220.61649               194.4           645.49189           0.0         25.31
14      221.54787               194.4           648.54676           0.0         26.33
15      223.70662               194.4           655.62732           0.0         28.17
16      226.52398               194.4           664.86811           0.0         31.14
17      242.55135               194.4           717.43698           0.0         33.71
18      242.93346               194.4           718.69028           0.0         34.74
19      243.06792               194.4           719.13129           0.0         34.84
20      246.84541               194.4           731.52123           0.0         35.89
21      251.82789               194.4           747.8635            0.0         38.46
22      253.45328               194.4           753.19468           0.0         43.88
23      254.76575               194.4           757.4995            0.0         49.3
24      255.48503               194.4           759.85872           0.0         52.56
25      255.51372               194.4           759.9528            0.0         52.7
26      255.05531               194.4           758.44926           0.0         50.44
27      254.76572               194.4           757.49943           0.0         48.09
28      254.72707               194.4           757.37264           0.0         46.65
29      254.9015                194.4           757.94475           0.0         45.9
30      255.2428                194.4           759.06419           0.0         45.27
CIM
period       power               reservoir          discharge       spillway            inflows
1       414.93804               4586.2721           1495.3          233.10893           761.0
2       414.65507               4568.5551           1495.3          233.10893           773.0
3       414.37077               4550.7548           1495.3          233.10893           776.0
4       414.06277               4531.4711           1495.3          233.10893           763.0
5       413.67709               4507.3232           1495.3          233.10893           711.0
6       413.22133               4478.7883           1495.3          233.10893           664.0
7       412.74722               4449.1041           1495.3          233.10893           654.0
8       412.0837                4407.5608           1495.3          233.10893           613.44
9       410.85234               4330.465            1495.3          591.93749           560.78
10      409.60621               4252.4437           1495.3          591.93749           550.07
11      408.48272               4182.1018           1495.3          591.93749           619.56
12      407.36589               4112.1768           1495.3          591.93749           630.0
13      406.39186               4051.1926           1495.3          591.93749           735.91
14      405.54582               3998.2216           1495.3          591.93749           825.6
15      404.83743               3953.869            1495.3          591.93749           918.27
16      404.23468               3916.1304           1495.3          591.93749           985.58
17      403.71073               3883.326            1495.3          591.93749           990.12
18      403.19789               3851.2166           1495.3          591.93749           996.91
19      402.66445               3817.8181           1495.3          591.93749           981.55
20      402.13089               3784.4115           1495.3          669.52227           1046.65
21      401.65235               3754.4499           1495.3          714.21065           1114.87
22      401.28784               3731.6277           1495.3          714.21065           1192.17
23      400.95941               3711.0644           1495.3          714.21065           1214.01
24      400.60341               3688.7756           1495.3          714.21065           1191.68
25      400.14288               3662.264            1495.3          714.21065           1142.71
26      399.57425               3630.0401           1495.3          714.21065           1078.1
27      399.00252               3597.64             1495.3          714.21065           1077.01
28      398.40564               3563.8154           1495.3          714.21065           1060.65
29      397.77791               3528.2423           1495.3          714.21065           1039.84
30      397.09426               3489.5              1495.3          714.21065           1002.04
CSH
period      power               reservoir       discharge           spillway    inflows
1       905.27773               79.8            1728.4089           0.0         0.0
2       905.27773               79.8            1728.4089           0.0         0.0
3       905.27773               79.8            1728.4089           0.0         0.0
4       905.27773               79.8            1728.4089           0.0         0.0
5       905.27773               79.8            1728.4089           0.0         0.0
6       905.27773               79.8            1728.4089           0.0         0.0
7       905.27773               79.8            1728.4089           0.0         0.0
8       905.27773               79.8            1728.4089           0.0         0.0
9       1048.851                79.8            2087.2375           0.0         0.0
10      1048.851                79.8            2087.2375           0.0         0.0
11      1048.851                79.8            2087.2375           0.0         0.0
12      1048.851                79.8            2087.2375           0.0         0.0
13      1048.851                79.8            2087.2375           0.0         0.0
14      1048.851                79.8            2087.2375           0.0         0.0
15      1048.851                79.8            2087.2375           0.0         0.0
16      1048.851                79.8            2087.2375           0.0         0.0
17      1048.851                79.8            2087.2375           0.0         0.0
18      1048.851                79.8            2087.2375           0.0         0.0
19      1048.851                79.8            2087.2375           0.0         0.0
20      1078.6586               79.8            2164.8223           0.0         0.0
21      1095.8277               79.8            2209.5106           0.0         0.0
22      1095.8277               79.8            2209.5106           0.0         0.0
23      1095.8277               79.8            2209.5106           0.0         0.0
24      1095.8277               79.8            2209.5106           0.0         0.0
25      1095.8277               79.8            2209.5106           0.0         0.0
26      1095.8277               79.8            2209.5106           0.0         0.0
27      1095.8277               79.8            2209.5106           0.0         0.0
28      1095.8277               79.8            2209.5106           0.0         0.0
29      1095.8277               79.8            2209.5106           0.0         0.0
30      1095.8277               79.8            2209.5106           0.0         0.0
